# line1
40.46  4.37  55.17
40.10  4.16  55.74
39.83  3.99  56.18
39.49  3.86  56.64
39.15  3.77  57.08
38.80  3.69  57.51
38.42  3.63  57.95
38.06  3.57  58.36
37.71  3.53  58.77
37.35  3.48  59.16
37.00  3.44  59.56
36.65  3.40  59.95
36.29  3.35  60.36
35.94  3.30  60.76
35.57  3.25  61.18
35.21  3.19  61.60
34.84  3.13  62.02
34.46  3.10  62.44
34.07  3.08  62.85
33.66  3.07  63.27
33.23  3.07  63.70
32.81  3.08  64.11
32.40  3.10  64.51
31.99  3.12  64.89
31.58  3.14  65.28
31.18  3.17  65.65
30.74  3.21  66.05
30.29  3.24  66.47
29.84  3.29  66.87
29.39  3.33  67.28
28.94  3.38  67.68
28.50  3.43  68.07
28.06  3.48  68.46
27.61  3.53  68.85
27.18  3.59  69.23
26.74  3.65  69.61
26.30  3.70  69.99
25.84  3.77  70.38
25.36  3.84  70.80
24.87  3.92  71.21
24.39  3.99  71.62
23.92  4.07  72.01
23.42  4.16  72.41
22.92  4.28  72.80
22.41  4.41  73.18
21.88  4.57  73.55
21.36  4.73  73.91
20.86  4.90  74.24
20.35  5.08  74.57
19.86  5.27  74.87
19.38  5.46  75.16
18.91  5.67  75.42
18.44  5.88  75.67
17.99  6.12  75.89
17.55  6.36  76.09
17.14  6.62  76.25
16.74  6.91  76.35
16.38  7.22  76.40
16.07  7.59  76.33
15.88  8.06  76.06
15.84  8.54  75.62
15.87  8.94  75.20
15.93  9.28  74.79
16.03  9.59  74.38
16.16  9.90  73.94
16.31  10.15  73.54
16.49  10.43  73.08
16.73  10.73  72.53
17.04  11.10  71.86
17.30  11.36  71.34
17.53  11.57  70.90
17.71  11.80  70.49
17.91  12.00  70.10
18.10  12.19  69.71
18.30  12.39  69.31
18.49  12.59  68.92
18.63  12.69  68.69
18.89  12.97  68.14
19.16  13.22  67.62
19.36  13.42  67.23
19.55  13.61  66.83
19.75  13.79  66.46
20.05  13.90  66.05
20.39  13.99  65.62
20.71  14.07  65.22
21.04  14.15  64.81
21.39  14.24  64.37
21.74  14.35  63.91
22.08  14.48  63.44
22.40  14.63  62.97
22.69  14.80  62.52
23.04  15.00  61.96
30.66  16.92  52.42
30.97  16.95  52.08
31.32  17.01  51.67
31.63  17.08  51.28
31.95  17.15  50.90
32.28  17.21  50.51
32.65  17.24  50.11
33.08  17.20  49.72
33.56  17.06  49.38
34.02  16.84  49.15
34.43  16.57  49.00
34.82  16.28  48.90
35.19  15.97  48.84
35.54  15.64  48.81
35.89  15.31  48.79
36.23  14.98  48.79
36.57  14.63  48.80
36.90  14.28  48.82
37.22  13.92  48.86
37.53  13.56  48.91
37.84  13.18  48.98
38.14  12.80  49.06
38.43  12.41  49.16
38.71  12.02  49.27
38.99  11.61  49.40
39.25  11.20  49.55
39.51  10.77  49.72
39.75  10.34  49.91
39.99  9.90  50.11
40.22  9.45  50.33
40.44  8.98  50.58
40.64  8.51  50.85
40.84  8.02  51.14
41.01  7.52  51.47
41.15  7.01  51.83
41.24  6.54  52.22
41.27  6.11  52.62
41.25  5.71  53.04
41.17  5.32  53.51
41.01  4.96  54.03
40.79  4.66  54.55
>
# line2
33.61  18.86  47.52
33.88  19.09  47.03
34.08  19.28  46.63
34.28  19.48  46.24
34.46  19.69  45.85
34.66  19.96  45.38
34.80  20.22  44.98
34.92  20.53  44.54
35.01  20.90  44.09
35.07  21.23  43.70
35.11  21.61  43.28
35.11  22.01  42.88
35.07  22.43  42.50
34.97  22.90  42.13
34.83  23.41  41.76
34.66  23.91  41.43
34.47  24.40  41.13
34.27  24.88  40.85
34.07  25.36  40.57
33.87  25.84  40.29
33.66  26.31  40.03
33.44  26.77  39.79
33.21  27.22  39.57
32.97  27.66  39.37
32.73  28.10  39.17
32.49  28.54  38.97
32.24  28.97  38.79
31.99  29.41  38.60
31.74  29.83  38.43
31.49  30.26  38.25
31.23  30.69  38.08
30.98  31.11  37.91
30.72  31.54  37.74
30.47  31.96  37.57
30.21  32.38  37.41
29.95  32.80  37.25
29.69  33.22  37.09
29.43  33.64  36.94
29.16  34.05  36.79
28.90  34.47  36.63
28.62  34.88  36.50
28.33  35.26  36.41
28.02  35.64  36.34
27.72  36.01  36.27
27.41  36.38  36.21
27.10  36.75  36.16
26.78  37.12  36.10
26.47  37.48  36.05
26.15  37.84  36.00
25.83  38.21  35.96
25.52  38.57  35.92
25.19  38.93  35.88
24.87  39.28  35.84
24.55  39.64  35.81
24.22  39.99  35.78
23.89  40.34  35.77
23.56  40.69  35.76
23.21  41.02  35.77
22.82  41.32  35.86
22.35  41.46  36.19
21.90  41.50  36.59
21.50  41.53  36.97
21.07  41.57  37.35
20.63  41.62  37.75
20.22  41.65  38.13
19.86  41.62  38.52
19.50  41.57  38.93
19.13  41.51  39.36
18.79  41.45  39.76
18.48  41.38  40.14
18.16  41.32  40.52
17.84  41.24  40.92
17.52  41.16  41.32
17.19  41.08  41.73
16.86  41.00  42.15
16.52  40.91  42.57
16.18  40.82  43.00
15.84  40.73  43.43
15.50  40.63  43.88
15.15  40.53  44.33
14.80  40.42  44.78
14.44  40.32  45.24
14.09  40.20  45.71
13.73  40.09  46.18
13.35  39.97  46.68
13.03  39.86  47.11
12.75  39.76  47.49
12.46  39.66  47.88
12.16  39.54  48.30
11.83  39.43  48.74
11.54  39.29  49.17
11.29  39.07  49.64
11.18  38.69  50.13
11.14  38.30  50.56
11.12  37.92  50.96
11.12  37.52  51.36
11.14  37.10  51.77
11.16  36.68  52.16
11.18  36.25  52.57
11.22  35.82  52.96
11.25  35.39  53.35
11.30  34.94  53.77
11.34  34.49  54.18
11.38  34.06  54.57
11.41  33.63  54.96
11.45  33.20  55.35
11.50  32.79  55.72
11.56  32.35  56.09
11.63  31.90  56.47
11.71  31.43  56.86
11.81  30.94  57.26
11.90  30.44  57.66
12.00  29.95  58.05
12.10  29.47  58.43
12.19  29.00  58.80
12.30  28.52  59.18
12.41  28.01  59.58
12.52  27.51  59.97
12.63  27.00  60.37
12.75  26.50  60.76
12.86  25.99  61.15
12.98  25.49  61.53
13.09  24.99  61.92
13.21  24.49  62.30
13.33  23.99  62.68
13.45  23.49  63.06
13.57  22.99  63.44
13.69  22.50  63.81
13.83  21.98  64.19
13.99  21.46  64.56
14.16  20.96  64.88
14.36  20.47  65.17
14.58  20.01  65.41
14.81  19.57  65.62
15.07  19.14  65.79
15.34  18.74  65.92
15.64  18.35  66.01
15.95  17.98  66.07
16.27  17.63  66.10
16.62  17.29  66.09
16.98  16.97  66.05
17.35  16.67  65.98
17.74  16.37  65.89
18.13  16.09  65.78
18.53  15.81  65.66
18.96  15.56  65.48
19.43  15.34  65.23
19.94  15.18  64.89
20.44  15.06  64.49
20.91  15.01  64.08
21.35  14.98  63.67
21.75  14.98  63.26
22.14  15.00  62.86
22.51  15.03  62.47
22.84  15.05  62.10
23.23  15.10  61.67
23.59  15.13  61.28
23.94  15.17  60.89
24.28  15.19  60.53
24.65  15.22  60.12
25.03  15.26  59.71
25.39  15.32  59.29
25.77  15.39  58.84
26.12  15.46  58.42
26.43  15.53  58.04
26.75  15.60  57.65
27.07  15.67  57.26
27.40  15.75  56.85
27.73  15.83  56.44
28.06  15.92  56.02
28.42  16.02  55.56
28.76  16.13  55.11
29.08  16.23  54.69
29.36  16.32  54.31
29.66  16.44  53.90
29.97  16.58  53.45
30.24  16.73  53.04
30.56  16.90  52.54
30.85  17.07  52.08
31.10  17.22  51.69
31.41  17.39  51.20
31.70  17.55  50.75
32.00  17.73  50.27
32.31  17.92  49.77
32.65  18.13  49.21
33.01  18.38  48.62
33.26  18.57  48.16
>
# line3
22.62  41.64  35.74
22.58  42.09  35.33
22.54  42.54  34.92
22.48  42.98  34.54
22.41  43.44  34.15
22.33  43.92  33.75
22.24  44.41  33.35
22.13  44.92  32.95
22.02  45.43  32.55
21.90  45.92  32.18
21.76  46.44  31.80
21.61  46.97  31.42
21.46  47.49  31.05
21.30  48.01  30.69
21.13  48.53  30.34
20.96  49.03  30.00
20.78  49.54  29.68
20.60  50.04  29.36
20.42  50.53  29.05
20.23  51.02  28.75
20.04  51.51  28.45
19.84  51.99  28.17
19.64  52.47  27.89
19.44  52.95  27.61
19.23  53.43  27.34
19.03  53.90  27.07
18.82  54.38  26.80
18.62  54.85  26.53
18.41  55.33  26.26
18.21  55.80  25.99
18.00  56.28  25.72
17.80  56.75  25.45
17.59  57.22  25.19
17.39  57.70  24.91
17.18  58.17  24.65
16.97  58.64  24.39
16.76  59.12  24.12
16.55  59.59  23.86
16.35  60.06  23.59
16.13  60.53  23.34
15.92  61.00  23.08
15.71  61.46  22.83
15.49  61.93  22.58
15.27  62.39  22.34
15.06  62.85  22.09
14.84  63.31  21.85
14.62  63.77  21.61
14.39  64.22  21.38
14.16  64.68  21.16
13.93  65.13  20.94
13.70  65.57  20.72
13.46  66.02  20.52
13.22  66.46  20.32
12.98  66.89  20.13
12.73  67.33  19.94
12.48  67.75  19.77
12.22  68.18  19.60
11.96  68.60  19.44
11.70  69.01  19.29
11.44  69.43  19.13
11.18  69.85  18.97
10.92  70.27  18.82
10.65  70.69  18.66
10.39  71.11  18.50
10.13  71.52  18.35
9.86  71.94  18.20
9.59  72.35  18.06
9.32  72.76  17.92
9.05  73.16  17.79
8.77  73.56  17.67
8.48  73.95  17.57
8.18  74.33  17.48
7.87  74.71  17.42
7.55  75.06  17.39
7.21  75.40  17.39
6.85  75.72  17.44
6.48  76.03  17.48
6.13  76.36  17.51
5.77  76.69  17.54
5.41  77.00  17.59
5.02  77.29  17.69
4.58  77.53  17.89
4.08  77.71  18.20
3.57  77.85  18.57
3.12  77.93  18.95
2.75  77.93  19.32
2.39  77.81  19.80
2.13  77.62  20.25
1.92  77.33  20.75
1.77  77.00  21.23
1.67  76.68  21.65
1.59  76.36  22.06
1.53  76.02  22.45
1.48  75.67  22.85
1.45  75.32  23.23
1.41  74.95  23.64
1.39  74.55  24.05
1.37  74.17  24.46
1.36  73.78  24.85
1.35  73.41  25.24
1.35  73.03  25.62
1.35  72.62  26.03
1.35  72.19  26.46
1.35  71.76  26.89
1.35  71.33  27.31
1.36  70.91  27.74
1.37  70.48  28.16
1.38  70.06  28.57
1.38  69.63  28.99
1.39  69.21  29.40
1.40  68.78  29.81
1.41  68.36  30.22
1.43  67.94  30.63
1.44  67.52  31.04
1.45  67.10  31.45
1.46  66.68  31.85
1.48  66.26  32.26
1.50  65.85  32.65
1.52  65.44  33.04
1.54  65.03  33.43
1.57  64.63  33.80
1.60  64.22  34.18
1.63  63.82  34.55
1.66  63.41  34.93
1.69  62.98  35.32
1.73  62.56  35.71
1.77  62.13  36.10
1.81  61.68  36.50
1.86  61.23  36.91
1.91  60.79  37.30
1.96  60.34  37.70
2.01  59.90  38.09
2.06  59.46  38.48
2.12  58.99  38.89
2.18  58.53  39.29
2.24  58.09  39.67
2.31  57.63  40.06
2.37  57.17  40.46
2.44  56.74  40.82
2.51  56.28  41.21
2.58  55.81  41.61
2.66  55.33  42.01
2.74  54.85  42.41
2.82  54.38  42.80
2.91  53.90  43.19
2.99  53.43  43.57
3.08  52.97  43.95
3.18  52.47  44.35
3.28  51.99  44.74
3.38  51.50  45.13
3.49  50.99  45.53
3.60  50.48  45.92
3.71  49.98  46.31
3.83  49.48  46.69
3.95  48.98  47.07
4.07  48.49  47.44
4.21  47.97  47.82
4.35  47.43  48.21
4.51  46.91  48.59
4.66  46.39  48.95
4.83  45.87  49.30
5.01  45.37  49.62
5.20  44.88  49.92
5.40  44.40  50.20
5.60  43.93  50.47
5.82  43.46  50.72
6.05  43.01  50.94
6.29  42.58  51.13
6.55  42.16  51.29
6.83  41.76  51.41
7.13  41.38  51.49
7.45  41.02  51.53
7.80  40.69  51.51
8.18  40.38  51.45
8.58  40.10  51.32
9.00  39.84  51.16
9.45  39.62  50.93
9.93  39.41  50.66
10.43  39.23  50.34
10.95  39.07  49.98
